[gd_scene load_steps=22 format=2]

[ext_resource path="res://Scenes/RiverFloor1.tscn" type="PackedScene" id=1]
[ext_resource path="res://Scenes/MainTowerB.tscn" type="PackedScene" id=2]
[ext_resource path="res://Scenes/MainTowerA.tscn" type="PackedScene" id=5]
[ext_resource path="res://Mesh/rivertop.mesh" type="ArrayMesh" id=6]
[ext_resource path="res://Scenes/Fire.tscn" type="PackedScene" id=7]
[ext_resource path="res://textures/riverfloor.png" type="Texture" id=9]
[ext_resource path="res://addons/zylann.scatter/scatter3d.gd" type="Script" id=11]
[ext_resource path="res://Environment/grass3.tscn" type="PackedScene" id=12]
[ext_resource path="res://Environment/terrain.mesh" type="ArrayMesh" id=15]
[ext_resource path="res://Mesh/MapNav2.tres" type="NavigationMesh" id=16]
[ext_resource path="res://Mesh/riverbot.mesh" type="ArrayMesh" id=17]
[ext_resource path="res://Mesh/Waterfall.tres" type="Material" id=18]
[ext_resource path="res://Scenes/Ground.tscn" type="PackedScene" id=20]
[ext_resource path="res://Environment/PineTree2.tscn" type="PackedScene" id=22]
[ext_resource path="res://Environment/Rocks.tscn" type="PackedScene" id=24]
[ext_resource path="res://Scenes/OuterWalls.tscn" type="PackedScene" id=25]
[ext_resource path="res://Scenes/OuterRocks.tscn" type="PackedScene" id=26]
[ext_resource path="res://Scenes/InnerWalls.tscn" type="PackedScene" id=27]
[ext_resource path="res://Scenes/Turret.tscn" type="PackedScene" id=28]
[ext_resource path="res://Scenes/TurretA.tscn" type="PackedScene" id=29]

[sub_resource type="SpatialMaterial" id=1]
flags_transparent = true
flags_unshaded = true
albedo_texture = ExtResource( 9 )

[node name="MOBAmap" type="Spatial"]

[node name="MainTowerA" parent="." instance=ExtResource( 5 )]
transform = Transform( 0.996098, 0, -0.0882582, 0, 1, 0, 0.0882582, 0, 0.996098, -61.7381, 2.45592, 61.4733 )

[node name="MainTowerB" parent="." instance=ExtResource( 2 )]
transform = Transform( 0.996098, 0, -0.0882582, 0, 1, 0, 0.0882582, 0, 0.996098, 61.239, 1.99574, -61.346 )

[node name="TowerA" type="Spatial" parent="."]
transform = Transform( 1, 0, 0, 0, 1, 0, 0, 0, 1, 0, 0.207424, 0 )

[node name="Mid1" parent="TowerA" instance=ExtResource( 29 )]
transform = Transform( 1, 0, 0, 0, 1, 0, 0, 0, 1, -14.3225, 0, 13.4247 )

[node name="Mid2" parent="TowerA" instance=ExtResource( 29 )]
transform = Transform( 1, 0, 0, 0, 1, 0, 0, 0, 1, -29.0268, 0, 28.0499 )

[node name="Mid3" parent="TowerA" instance=ExtResource( 29 )]
transform = Transform( 1, 0, 0, 0, 1, 0, 0, 0, 1, -44.4067, 0, 43.8955 )

[node name="Top1" parent="TowerA" instance=ExtResource( 29 )]
transform = Transform( 1, 0, 0, 0, 1, 0, 0, 0, 1, -65.4112, 0, -30.3031 )

[node name="Top2" parent="TowerA" instance=ExtResource( 29 )]
transform = Transform( 1, 0, 0, 0, 1, 0, 0, 0, 1, -71.114, 0, 9.46148 )

[node name="Top3" parent="TowerA" instance=ExtResource( 29 )]
transform = Transform( 1, 0, 0, 0, 1, 0, 0, 0, 1, -71.114, 0, 34.1865 )

[node name="Bot1" parent="TowerA" instance=ExtResource( 29 )]
transform = Transform( 1, 0, 0, 0, 1, 0, 0, 0, 1, 29.8638, 0, 64.5775 )

[node name="Bot2" parent="TowerA" instance=ExtResource( 29 )]
transform = Transform( 1, 0, 0, 0, 1, 0, 0, 0, 1, -9.29283, 0, 71.5159 )

[node name="Bot3" parent="TowerA" instance=ExtResource( 29 )]
transform = Transform( 1, 0, 0, 0, 1, 0, 0, 0, 1, -34.3605, 0, 70.6471 )

[node name="TowerB" type="Spatial" parent="."]
transform = Transform( 1, 0, 0, 0, 1, 0, 0, 0, 1, 0, 0.207424, 0 )

[node name="Top1" parent="TowerB" instance=ExtResource( 28 )]
transform = Transform( 1, 0, 0, 0, 1, 0, 0, 0, 1, -28.9567, 0, -64.6778 )

[node name="Top2" parent="TowerB" instance=ExtResource( 28 )]
transform = Transform( 1, 0, 0, 0, 1, 0, 0, 0, 1, 8.24472, 0, -70.6806 )

[node name="Top3" parent="TowerB" instance=ExtResource( 28 )]
transform = Transform( 1, 0, 0, 0, 1, 0, 0, 0, 1, 32.4928, 0, -70.6806 )

[node name="Mid1" parent="TowerB" instance=ExtResource( 28 )]
transform = Transform( 1, 0, 0, 0, 1, 0, 0, 0, 1, 14.568, 0, -14.0517 )

[node name="Mid2" parent="TowerB" instance=ExtResource( 28 )]
transform = Transform( 1, 0, 0, 0, 1, 0, 0, 0, 1, 28.957, 0, -29.6015 )

[node name="Mid3" parent="TowerB" instance=ExtResource( 28 )]
transform = Transform( 1, 0, 0, 0, 1, 0, 0, 0, 1, 44.464, 0, -44.2959 )

[node name="Bot1" parent="TowerB" instance=ExtResource( 28 )]
transform = Transform( 1, 0, 0, 0, 1, 0, 0, 0, 1, 66.6106, 0, 28.5508 )

[node name="Bot2" parent="TowerB" instance=ExtResource( 28 )]
transform = Transform( 1, 0, 0, 0, 1, 0, 0, 0, 1, 71.2894, 0, -9.78934 )

[node name="Bot3" parent="TowerB" instance=ExtResource( 28 )]
transform = Transform( 1, 0, 0, 0, 1, 0, 0, 0, 1, 71.4356, 0, -33.7651 )

[node name="River001" parent="." instance=ExtResource( 1 )]
material_override = null
material/0 = SubResource( 1 )

[node name="Scatter3D" type="Spatial" parent="."]
script = ExtResource( 11 )
_scenes = [ ExtResource( 12 ), ExtResource( 7 ), ExtResource( 22 ) ]

[node name="Fire4" parent="Scatter3D" instance=ExtResource( 7 )]
transform = Transform( 3, 0, 0, 0, 3, 0, 0, 0, 3, -30.9653, 6.23884, 62.7818 )

[node name="Fire13" parent="Scatter3D" instance=ExtResource( 7 )]
transform = Transform( 3, 0, 0, 0, 3, 0, 0, 0, 3, -82.2132, 3.17027, 65.6384 )

[node name="Fire14" parent="Scatter3D" instance=ExtResource( 7 )]
transform = Transform( 3, 0, 0, 0, 3, 0, 0, 0, 3, -65.3984, 3.17027, 83.1765 )

[node name="Fire16" parent="Scatter3D" instance=ExtResource( 7 )]
transform = Transform( 3, 0, 0, 0, 3, 0, 0, 0, 3, 65.9964, 3.17027, -82.3233 )

[node name="Fire17" parent="Scatter3D" instance=ExtResource( 7 )]
transform = Transform( 3, 0, 0, 0, 3, 0, 0, 0, 3, 82.0494, 3.17027, -66.2327 )

[node name="Fire20" parent="Scatter3D" instance=ExtResource( 7 )]
transform = Transform( 3, 0, 0, 0, 3, 0, 0, 0, 3, -65.814, 1.84656, -52.4997 )

[node name="Fire23" parent="Scatter3D" instance=ExtResource( 7 )]
transform = Transform( 3, 0, 0, 0, 3, 0, 0, 0, 3, 64.8526, 1.85835, 53.2851 )

[node name="Fire21" parent="Scatter3D" instance=ExtResource( 7 )]
transform = Transform( 3, 0, 0, 0, 3, 0, 0, 0, 3, -55.0597, 1.46722, -62.7369 )

[node name="Fire22" parent="Scatter3D" instance=ExtResource( 7 )]
transform = Transform( 3, 0, 0, 0, 3, 0, 0, 0, 3, 51.5115, 1.73978, 65.8829 )

[node name="Fire9" parent="Scatter3D" instance=ExtResource( 7 )]
transform = Transform( 3, 0, 0, 0, 3, 0, 0, 0, 3, -46.4647, 5.95633, 35.9082 )

[node name="Fire10" parent="Scatter3D" instance=ExtResource( 7 )]
transform = Transform( 3, 0, 0, 0, 3, 0, 0, 0, 3, -61.8923, 5.95633, 30.3771 )

[node name="Fire19" parent="Scatter3D" instance=ExtResource( 7 )]
transform = Transform( 3, 0, 0, 0, 3, 0, 0, 0, 3, 14.7075, 5.95633, 28.1076 )

[node name="Fire18" parent="Scatter3D" instance=ExtResource( 7 )]
transform = Transform( 3, 0, 0, 0, 3, 0, 0, 0, 3, 26.1753, 5.95633, 33.6399 )

[node name="Fire6" parent="Scatter3D" instance=ExtResource( 7 )]
transform = Transform( 3, 0, 0, 0, 3, 0, 0, 0, 3, -35.7208, 6.22147, 46.9341 )

[node name="Fire5" parent="Scatter3D" instance=ExtResource( 7 )]
transform = Transform( 0.516824, 0, -1.93207, 0, 2, 0, 1.93207, 0, 0.516824, 61.371, 6.00363, -30.3604 )

[node name="Fire7" parent="Scatter3D" instance=ExtResource( 7 )]
transform = Transform( 1.99748, 0, 0.100312, 0, 2, 0, -0.100312, 0, 1.99748, 34.9413, 6.00363, -46.3717 )

[node name="Fire15" parent="Scatter3D" instance=ExtResource( 7 )]
transform = Transform( 1.99748, 0, 0.100312, 0, 2, 0, -0.100312, 0, 1.99748, 45.7488, 6.00363, -35.4387 )

[node name="Fire8" parent="Scatter3D" instance=ExtResource( 7 )]
transform = Transform( -0.00407609, 0, -2, 0, 2, 0, 2, 0, -0.00407609, 30.0049, 6.00366, -62.1681 )

[node name="Fire11" parent="Scatter3D" instance=ExtResource( 7 )]
transform = Transform( -0.00407609, 0, -2, 0, 2, 0, 2, 0, -0.00407609, -15.1131, 6.00366, -27.6305 )

[node name="Fire12" parent="Scatter3D" instance=ExtResource( 7 )]
transform = Transform( -0.00407609, 0, -2, 0, 2, 0, 2, 0, -0.00407609, -26.495, 6.00366, -33.2906 )

[node name="Pine27" parent="Scatter3D" instance=ExtResource( 22 )]
transform = Transform( 0.824377, 0, -0.566041, 0, 1, 0, 0.566041, 0, 0.824377, -85.5756, -0.745852, 60.4517 )

[node name="Pine31" parent="Scatter3D" instance=ExtResource( 22 )]
transform = Transform( -0.468983, 0, 0.883207, 0, 1, 0, -0.883207, 0, -0.468983, -84.957, -0.745853, 43.4694 )

[node name="Pine32" parent="Scatter3D" instance=ExtResource( 22 )]
transform = Transform( 0.0856327, 0, -0.996327, 0, 1, 0, 0.996327, 0, 0.0856327, -84.8305, -0.745852, 34.5029 )

[node name="Pine33" parent="Scatter3D" instance=ExtResource( 22 )]
transform = Transform( 0.84347, 0, -0.537176, 0, 1, 0, 0.537176, 0, 0.84347, -84.9066, -0.745853, 22.6856 )

[node name="Pine119" parent="Scatter3D" instance=ExtResource( 22 )]
transform = Transform( 0.84347, 0, -0.537176, 0, 1, 0, 0.537176, 0, 0.84347, -84.6672, -0.745853, 63.1525 )

[node name="Pine215" parent="Scatter3D" instance=ExtResource( 22 )]
transform = Transform( 0.84347, 0, -0.537176, 0, 1, 0, 0.537176, 0, 0.84347, -87.8768, -0.745853, 60.6159 )

[node name="Pine29" parent="Scatter3D" instance=ExtResource( 22 )]
transform = Transform( -0.0304662, 0, 0.999536, 0, 1, 0, -0.999536, 0, -0.0304662, -84.0718, -0.745865, 57.6979 )

[node name="Pine30" parent="Scatter3D" instance=ExtResource( 22 )]
transform = Transform( 0.930685, 0, -0.365823, 0, 1, 0, 0.365823, 0, 0.930685, -85.0615, -0.745865, 53.951 )

[node name="Pine34" parent="Scatter3D" instance=ExtResource( 22 )]
transform = Transform( 0.993795, 0, 0.111224, 0, 1, 0, -0.111224, 0, 0.993795, -85.415, -0.745865, 50.3456 )

[node name="Pine35" parent="Scatter3D" instance=ExtResource( 22 )]
transform = Transform( 0.602444, 0, 0.798161, 0, 1, 0, -0.798161, 0, 0.602444, -84.2131, -0.745865, 46.7401 )

[node name="Pine36" parent="Scatter3D" instance=ExtResource( 22 )]
transform = Transform( -0.960824, 0, -0.277158, 0, 1, 0, 0.277158, 0, -0.960824, -84.5698, -0.745865, 39.4303 )

[node name="Pine37" parent="Scatter3D" instance=ExtResource( 22 )]
transform = Transform( 0.999379, 0, -0.0352399, 0, 1, 0, 0.0352399, 0, 0.999379, -84.6231, -0.969063, 29.3561 )

[node name="Pine38" parent="Scatter3D" instance=ExtResource( 22 )]
transform = Transform( 0.00462455, 0, -0.999989, 0, 1, 0, 0.999989, 0, 0.00462455, -87.1855, -0.745865, 32.078 )

[node name="Pine39" parent="Scatter3D" instance=ExtResource( 22 )]
transform = Transform( 0.921789, 0, -0.387693, 0, 1, 0, 0.387693, 0, 0.921789, -87.9631, -0.745865, 36.3197 )

[node name="Pine40" parent="Scatter3D" instance=ExtResource( 22 )]
transform = Transform( 0.163228, 0, 0.986588, 0, 1, 0, -0.986588, 0, 0.163228, -87.3269, -0.745865, 41.2683 )

[node name="Pine41" parent="Scatter3D" instance=ExtResource( 22 )]
transform = Transform( -0.705329, 0, -0.70888, 0, 1, 0, 0.70888, 0, -0.705329, -88.1045, -0.745865, 45.9342 )

[node name="Pine42" parent="Scatter3D" instance=ExtResource( 22 )]
transform = Transform( 0.927497, 0, -0.37383, 0, 1, 0, 0.37383, 0, 0.927497, -87.8924, -0.745865, 52.014 )

[node name="Pine43" parent="Scatter3D" instance=ExtResource( 22 )]
transform = Transform( 0.959202, 0, 0.28272, 0, 1, 0, -0.28272, 0, 0.959202, -87.9631, -0.745865, 56.5385 )

[node name="Pine44" parent="Scatter3D" instance=ExtResource( 22 )]
transform = Transform( -0.277616, 0, 0.960692, 0, 1, 0, -0.960692, 0, -0.277616, -84.39, -0.745865, 25.8951 )

[node name="Pine45" parent="Scatter3D" instance=ExtResource( 22 )]
transform = Transform( -0.0512219, 0, 0.998687, 0, 1, 0, -0.998687, 0, -0.0512219, -88.2783, -0.745865, 25.9658 )

[node name="Pine46" parent="Scatter3D" instance=ExtResource( 22 )]
transform = Transform( 0.683132, 0, 0.730295, 0, 1, 0, -0.730295, 0, 0.683132, -88.1369, -0.745865, 20.9464 )

[node name="Pine47" parent="Scatter3D" instance=ExtResource( 22 )]
transform = Transform( -0.984372, 0, -0.176102, 0, 1, 0, 0.176102, 0, -0.984372, -88.6088, -0.745865, 16.8315 )

[node name="Pine48" parent="Scatter3D" instance=ExtResource( 22 )]
transform = Transform( 0.943013, 0, 0.332756, 0, 1, 0, -0.332756, 0, 0.943013, -88.0435, -0.745865, 11.0273 )

[node name="Pine49" parent="Scatter3D" instance=ExtResource( 22 )]
transform = Transform( 0.599166, 0, -0.800625, 0, 1, 0, 0.800625, 0, 0.599166, -86.3468, -0.745865, 7.70467 )

[node name="Pine50" parent="Scatter3D" instance=ExtResource( 22 )]
transform = Transform( 0.913659, 0, 0.406481, 0, 1, 0, -0.406481, 0, 0.913659, -88.5383, -0.745865, 13.9965 )

[node name="Pine51" parent="Scatter3D" instance=ExtResource( 22 )]
transform = Transform( 0.760159, 0, -0.649737, 0, 1, 0, 0.649737, 0, 0.760159, -89.8109, -0.745865, 6.36147 )

[node name="Pine52" parent="Scatter3D" instance=ExtResource( 22 )]
transform = Transform( 0.55987, 0, 0.82858, 0, 1, 0, -0.82858, 0, 0.55987, -87.2091, -0.745865, -2.15537 )

[node name="Pine53" parent="Scatter3D" instance=ExtResource( 22 )]
transform = Transform( -0.318487, 0, -0.947927, 0, 1, 0, 0.947927, 0, -0.318487, -88.2688, -0.745865, -5.05865 )

[node name="Pine54" parent="Scatter3D" instance=ExtResource( 22 )]
transform = Transform( -0.564917, 0, 0.825147, 0, 1, 0, -0.825147, 0, -0.564917, -87.3497, -0.745865, -10.2901 )

[node name="Pine55" parent="Scatter3D" instance=ExtResource( 22 )]
transform = Transform( -0.985156, 0, -0.17166, 0, 1, 0, 0.17166, 0, -0.985156, -87.3338, -0.745865, -14.2511 )

[node name="Pine56" parent="Scatter3D" instance=ExtResource( 22 )]
transform = Transform( -0.55299, 0, 0.833188, 0, 1, 0, -0.833188, 0, -0.55299, -89.6688, -0.745865, -17.4539 )

[node name="Pine57" parent="Scatter3D" instance=ExtResource( 22 )]
transform = Transform( 0.55313, 0, 0.833095, 0, 1, 0, -0.833095, 0, 0.55313, -87.4065, -0.745865, -19.999 )

[node name="Pine58" parent="Scatter3D" instance=ExtResource( 22 )]
transform = Transform( 0.703117, 0, -0.711074, 0, 1, 0, 0.711074, 0, 0.703117, -87.76, -0.745865, -25.3718 )

[node name="Pine59" parent="Scatter3D" instance=ExtResource( 22 )]
transform = Transform( 0.664373, 0, 0.747401, 0, 1, 0, -0.747401, 0, 0.664373, -89.4733, -0.745865, -22.7962 )

[node name="Pine60" parent="Scatter3D" instance=ExtResource( 22 )]
transform = Transform( -0.917432, 0, 0.397893, 0, 1, 0, -0.397893, 0, -0.917432, -88.7671, -0.745865, -29.6607 )

[node name="Pine61" parent="Scatter3D" instance=ExtResource( 22 )]
transform = Transform( -0.316404, 0, 0.948625, 0, 1, 0, -0.948625, 0, -0.316404, -87.1878, -0.745865, -32.9664 )

[node name="Pine62" parent="Scatter3D" instance=ExtResource( 22 )]
transform = Transform( -0.932402, 0, -0.361423, 0, 1, 0, 0.361423, 0, -0.932402, -86.196, -0.745865, -37.7881 )

[node name="Pine63" parent="Scatter3D" instance=ExtResource( 22 )]
transform = Transform( 0.541202, 0, -0.840892, 0, 1, 0, 0.840892, 0, 0.541202, -82.6613, -0.745865, -38.8485 )

[node name="Pine64" parent="Scatter3D" instance=ExtResource( 22 )]
transform = Transform( 0.756986, 0, -0.653431, 0, 1, 0, 0.653431, 0, 0.756986, -82.9476, -0.745865, -42.7724 )

[node name="Pine65" parent="Scatter3D" instance=ExtResource( 22 )]
transform = Transform( 0.544925, 0, 0.838485, 0, 1, 0, -0.838485, 0, 0.544925, -80.9848, -0.745865, -48.9225 )

[node name="Pine66" parent="Scatter3D" instance=ExtResource( 22 )]
transform = Transform( -0.349761, 0, 0.936839, 0, 1, 0, -0.936839, 0, -0.349761, -79.938, -0.745865, -45.9129 )

[node name="Pine67" parent="Scatter3D" instance=ExtResource( 22 )]
transform = Transform( 0.956248, 0, 0.292556, 0, 1, 0, -0.292556, 0, 0.956248, -87.3966, -0.745865, -41.2022 )

[node name="Pine68" parent="Scatter3D" instance=ExtResource( 22 )]
transform = Transform( 0.9121, 0, 0.409968, 0, 1, 0, -0.409968, 0, 0.9121, -84.5178, -0.745865, -47.4831 )

[node name="Pine69" parent="Scatter3D" instance=ExtResource( 22 )]
transform = Transform( -0.711585, 0, -0.7026, 0, 1, 0, 0.7026, 0, -0.711585, -85.6955, -0.745865, -46.0437 )

[node name="Pine70" parent="Scatter3D" instance=ExtResource( 22 )]
transform = Transform( 0.313369, 0, 0.949631, 0, 1, 0, -0.949631, 0, 0.313369, -77.0593, -0.745865, -49.1842 )

[node name="Pine71" parent="Scatter3D" instance=ExtResource( 22 )]
transform = Transform( 0.360738, 0, 0.932667, 0, 1, 0, -0.932667, 0, 0.360738, -74.7039, -0.745865, -51.9321 )

[node name="Pine72" parent="Scatter3D" instance=ExtResource( 22 )]
transform = Transform( -0.860282, 0, -0.509819, 0, 1, 0, 0.509819, 0, -0.860282, -78.2369, -0.745865, -52.7172 )

[node name="Pine73" parent="Scatter3D" instance=ExtResource( 22 )]
transform = Transform( -0.110314, 0, -0.993897, 0, 1, 0, 0.993897, 0, -0.110314, -71.956, -0.745865, -55.3342 )

[node name="Pine74" parent="Scatter3D" instance=ExtResource( 22 )]
transform = Transform( -0.963107, 0, -0.269119, 0, 1, 0, 0.269119, 0, -0.963107, -67.8996, -0.745865, -56.381 )

[node name="Pine75" parent="Scatter3D" instance=ExtResource( 22 )]
transform = Transform( -0.811783, 0, 0.58396, 0, 1, 0, -0.58396, 0, -0.811783, -75.2273, -0.745865, -55.5959 )

[node name="Pine76" parent="Scatter3D" instance=ExtResource( 22 )]
transform = Transform( 0.752731, 0, 0.658328, 0, 1, 0, -0.658328, 0, 0.752731, -69.9933, -0.745865, -52.9789 )

[node name="Pine77" parent="Scatter3D" instance=ExtResource( 22 )]
transform = Transform( -0.910798, 0, -0.412851, 0, 1, 0, 0.412851, 0, -0.910798, -71.0401, -0.745865, -59.2598 )

[node name="Pine78" parent="Scatter3D" instance=ExtResource( 22 )]
transform = Transform( -0.54325, 0, 0.839571, 0, 1, 0, -0.839571, 0, -0.54325, -55.8621, -0.745865, -68.9531 )

[node name="Pine80" parent="Scatter3D" instance=ExtResource( 22 )]
transform = Transform( -0.16425, 0, -0.986419, 0, 1, 0, 0.986419, 0, -0.16425, -53.896, -0.745865, -74.0624 )

[node name="Pine81" parent="Scatter3D" instance=ExtResource( 22 )]
transform = Transform( -0.78173, 0, 0.623617, 0, 1, 0, -0.623617, 0, -0.78173, -55.9897, -0.745865, -72.0996 )

[node name="Pine82" parent="Scatter3D" instance=ExtResource( 22 )]
transform = Transform( -0.796583, 0, -0.60453, 0, 1, 0, 0.60453, 0, -0.796583, -59.7844, -0.745865, -68.5666 )

[node name="Pine83" parent="Scatter3D" instance=ExtResource( 22 )]
transform = Transform( -0.00812872, 0, 0.999967, 0, 1, 0, -0.999967, 0, -0.00812872, -50.4939, -0.745865, -75.5017 )

[node name="Pine84" parent="Scatter3D" instance=ExtResource( 22 )]
transform = Transform( -0.756783, 0, -0.653666, 0, 1, 0, 0.653666, 0, -0.756783, -53.3726, -0.745865, -71.8379 )

[node name="Pine85" parent="Scatter3D" instance=ExtResource( 22 )]
transform = Transform( 0.534595, 0, -0.845109, 0, 1, 0, 0.845109, 0, 0.534595, -46.83, -0.745865, -79.0347 )

[node name="Pine86" parent="Scatter3D" instance=ExtResource( 22 )]
transform = Transform( 0.692758, 0, 0.72117, 0, 1, 0, -0.72117, 0, 0.692758, -51.0173, -0.745865, -78.5113 )

[node name="Pine87" parent="Scatter3D" instance=ExtResource( 22 )]
transform = Transform( -0.295158, 0, -0.955448, 0, 1, 0, 0.955448, 0, -0.295158, -41.3343, -0.745865, -81.9135 )

[node name="Pine88" parent="Scatter3D" instance=ExtResource( 22 )]
transform = Transform( -0.226246, 0, -0.97407, 0, 1, 0, 0.97407, 0, -0.226246, -44.6056, -0.745865, -81.2592 )

[node name="Pine89" parent="Scatter3D" instance=ExtResource( 22 )]
transform = Transform( -0.988375, 0, 0.152038, 0, 1, 0, -0.152038, 0, -0.988375, -35.471, -0.745865, -86.4457 )

[node name="Pine90" parent="Scatter3D" instance=ExtResource( 22 )]
transform = Transform( -0.0493581, 0, -0.998781, 0, 1, 0, 0.998781, 0, -0.0493581, -39.9134, -0.745865, -85.9243 )

[node name="Pine91" parent="Scatter3D" instance=ExtResource( 22 )]
transform = Transform( 0.199038, 0, 0.979992, 0, 1, 0, -0.979992, 0, 0.199038, -43.5773, -0.745865, -85.1392 )

[node name="Pine95" parent="Scatter3D" instance=ExtResource( 22 )]
transform = Transform( -0.961044, 0, -0.276394, 0, 1, 0, 0.276394, 0, -0.961044, -20.5474, -0.745865, -89.9807 )

[node name="Pine96" parent="Scatter3D" instance=ExtResource( 22 )]
transform = Transform( -0.8091, 0, 0.587671, 0, 1, 0, -0.587671, 0, -0.8091, 30.1542, -0.745865, -84.6394 )

[node name="Pine97" parent="Scatter3D" instance=ExtResource( 22 )]
transform = Transform( 0.966647, 0, -0.256113, 0, 1, 0, 0.256113, 0, 0.966647, 39.7561, -0.745865, -85.9501 )

[node name="Pine98" parent="Scatter3D" instance=ExtResource( 22 )]
transform = Transform( 0.748456, 0, -0.663185, 0, 1, 0, 0.663185, 0, 0.748456, 26.4092, -0.745865, -86.3427 )

[node name="Pine99" parent="Scatter3D" instance=ExtResource( 22 )]
transform = Transform( 0.386371, 0, -0.922343, 0, 1, 0, 0.922343, 0, 0.386371, 23.6613, -0.745865, -88.5672 )

[node name="Pine100" parent="Scatter3D" instance=ExtResource( 22 )]
transform = Transform( -0.705519, 0, 0.708691, 0, 1, 0, -0.708691, 0, -0.705519, 28.3719, -0.745865, -88.8289 )

[node name="Pine101" parent="Scatter3D" instance=ExtResource( 22 )]
transform = Transform( 0.012472, 0, 0.999922, 0, 1, 0, -0.999922, 0, 0.012472, 36.6156, -0.745865, -86.081 )

[node name="Pine102" parent="Scatter3D" instance=ExtResource( 22 )]
transform = Transform( 0.948796, 0, 0.31589, 0, 1, 0, -0.31589, 0, 0.948796, 33.3443, -0.745865, -85.4267 )

[node name="Pine103" parent="Scatter3D" instance=ExtResource( 22 )]
transform = Transform( 0.690123, 0, -0.723692, 0, 1, 0, 0.723692, 0, 0.690123, 33.0826, -0.745865, -87.2587 )

[node name="Pine104" parent="Scatter3D" instance=ExtResource( 22 )]
transform = Transform( -0.958459, 0, 0.285231, 0, 1, 0, -0.285231, 0, -0.958459, 45.3827, -0.745865, -87.7821 )

[node name="Pine105" parent="Scatter3D" instance=ExtResource( 22 )]
transform = Transform( 0.997818, 0, 0.0660244, 0, 1, 0, -0.0660244, 0, 0.997818, 42.5039, -0.745865, -84.6416 )

[node name="Pine106" parent="Scatter3D" instance=ExtResource( 22 )]
transform = Transform( 0.042915, 0, 0.999079, 0, 1, 0, -0.999079, 0, 0.042915, 38.7092, -0.745865, -88.9597 )

[node name="Pine107" parent="Scatter3D" instance=ExtResource( 22 )]
transform = Transform( -0.999688, 0, -0.0249969, 0, 1, 0, 0.0249969, 0, -0.999688, 52.4487, -0.745865, -86.997 )

[node name="Pine108" parent="Scatter3D" instance=ExtResource( 22 )]
transform = Transform( -0.860429, 0, -0.509571, 0, 1, 0, 0.509571, 0, -0.860429, 48.3923, -0.745865, -84.7725 )

[node name="Pine109" parent="Scatter3D" instance=ExtResource( 22 )]
transform = Transform( -0.928359, 0, -0.371686, 0, 1, 0, 0.371686, 0, -0.928359, 54.9349, -0.745865, -84.3799 )

[node name="Pine110" parent="Scatter3D" instance=ExtResource( 22 )]
transform = Transform( 0.891844, 0, 0.452343, 0, 1, 0, -0.452343, 0, 0.891844, 45.9061, -0.745865, -83.9874 )

[node name="Pine111" parent="Scatter3D" instance=ExtResource( 22 )]
transform = Transform( -0.937559, 0, 0.347827, 0, 1, 0, -0.347827, 0, -0.937559, 51.7944, -0.745865, -84.1182 )

[node name="Pine112" parent="Scatter3D" instance=ExtResource( 22 )]
transform = Transform( 0.906098, 0, 0.423068, 0, 1, 0, -0.423068, 0, 0.906098, 60.4306, -0.745865, -85.2959 )

[node name="Pine115" parent="Scatter3D" instance=ExtResource( 22 )]
transform = Transform( -0.371185, 0, 0.928559, 0, 1, 0, -0.928559, 0, -0.371185, 55.8508, -0.745865, -87.5204 )

[node name="Pine116" parent="Scatter3D" instance=ExtResource( 22 )]
transform = Transform( -0.961408, 0, -0.275127, 0, 1, 0, 0.275127, 0, -0.961408, 57.6828, -0.745865, -84.3799 )

[node name="Pine117" parent="Scatter3D" instance=ExtResource( 22 )]
transform = Transform( -0.0179858, 0, 0.999838, 0, 1, 0, -0.999838, 0, -0.0179858, 24.5772, -0.745865, -84.9033 )

[node name="Pine120" parent="Scatter3D" instance=ExtResource( 22 )]
transform = Transform( -0.424896, 0, 0.905242, 0, 1, 0, -0.905242, 0, -0.424896, 86.4171, -0.745865, -57.3244 )

[node name="Pine121" parent="Scatter3D" instance=ExtResource( 22 )]
transform = Transform( 0.0498693, 0, 0.998756, 0, 1, 0, -0.998756, 0, 0.0498693, 84.8469, -0.745865, -53.7914 )

[node name="Pine122" parent="Scatter3D" instance=ExtResource( 22 )]
transform = Transform( -0.726797, 0, 0.686852, 0, 1, 0, -0.686852, 0, -0.726797, 84.4544, -0.745865, -58.2403 )

[node name="Pine123" parent="Scatter3D" instance=ExtResource( 22 )]
transform = Transform( -0.948283, 0, 0.317427, 0, 1, 0, -0.317427, 0, -0.948283, 87.0714, -0.745865, -59.8106 )

[node name="Pine124" parent="Scatter3D" instance=ExtResource( 22 )]
transform = Transform( 0.75373, 0, 0.657184, 0, 1, 0, -0.657184, 0, 0.75373, 86.2863, -0.745865, -50.7818 )

[node name="Pine125" parent="Scatter3D" instance=ExtResource( 22 )]
transform = Transform( 0.999827, 0, 0.018615, 0, 1, 0, -0.018615, 0, 0.999827, 84.1927, -0.745865, -47.6413 )

[node name="Pine126" parent="Scatter3D" instance=ExtResource( 22 )]
transform = Transform( -0.304723, 0, 0.952441, 0, 1, 0, -0.952441, 0, -0.304723, 84.5852, -0.745865, -49.735 )

[node name="Pine127" parent="Scatter3D" instance=ExtResource( 22 )]
transform = Transform( 0.846255, 0, 0.532778, 0, 1, 0, -0.532778, 0, 0.846255, 85.632, -0.745865, -41.0987 )

[node name="Pine128" parent="Scatter3D" instance=ExtResource( 22 )]
transform = Transform( -0.999956, 0, 0.00941778, 0, 1, 0, -0.00941778, 0, -0.999956, 85.3703, -0.745865, -44.5009 )

[node name="Pine129" parent="Scatter3D" instance=ExtResource( 22 )]
transform = Transform( -0.444286, 0, -0.895885, 0, 1, 0, 0.895885, 0, -0.444286, 88.3799, -0.745865, -45.8094 )

[node name="Pine130" parent="Scatter3D" instance=ExtResource( 22 )]
transform = Transform( -0.393405, 0, 0.919365, 0, 1, 0, -0.919365, 0, -0.393405, 88.2491, -0.745865, -54.0531 )

[node name="Pine131" parent="Scatter3D" instance=ExtResource( 22 )]
transform = Transform( -0.986775, 0, -0.162095, 0, 1, 0, 0.162095, 0, -0.986775, 88.7725, -0.745865, -48.0339 )

[node name="Pine132" parent="Scatter3D" instance=ExtResource( 22 )]
transform = Transform( 0.774479, 0, -0.632599, 0, 1, 0, 0.632599, 0, 0.774479, 85.8937, -0.745865, -37.4349 )

[node name="Pine133" parent="Scatter3D" instance=ExtResource( 22 )]
transform = Transform( 0.840262, 0, -0.542181, 0, 1, 0, 0.542181, 0, 0.840262, 84.7161, -0.745865, -38.0892 )

[node name="Pine134" parent="Scatter3D" instance=ExtResource( 22 )]
transform = Transform( 0.978638, 0, 0.20559, 0, 1, 0, -0.20559, 0, 0.978638, 84.8469, -0.745865, -31.6774 )

[node name="Pine135" parent="Scatter3D" instance=ExtResource( 22 )]
transform = Transform( -0.810492, 0, 0.58575, 0, 1, 0, -0.58575, 0, -0.810492, 84.7161, -0.745865, -34.4253 )

[node name="Pine136" parent="Scatter3D" instance=ExtResource( 22 )]
transform = Transform( -0.855939, 0, 0.517076, 0, 1, 0, -0.517076, 0, -0.855939, 86.9405, -0.745865, -34.1636 )

[node name="Pine137" parent="Scatter3D" instance=ExtResource( 22 )]
transform = Transform( 0.435021, 0, 0.90042, 0, 1, 0, -0.90042, 0, 0.435021, 88.1182, -0.745865, -43.0615 )

[node name="Pine138" parent="Scatter3D" instance=ExtResource( 22 )]
transform = Transform( -0.00411085, 0, 0.999992, 0, 1, 0, -0.999992, 0, -0.00411085, 84.0708, -0.745865, -27.0327 )

[node name="Pine139" parent="Scatter3D" instance=ExtResource( 22 )]
transform = Transform( -0.882446, 0, -0.470414, 0, 1, 0, 0.470414, 0, -0.882446, 85.2496, -0.745865, -23.4686 )

[node name="Pine140" parent="Scatter3D" instance=ExtResource( 22 )]
transform = Transform( 0.999679, 0, 0.0253355, 0, 1, 0, -0.0253355, 0, 0.999679, 87.0818, -0.745865, -26.8637 )

[node name="Pine141" parent="Scatter3D" instance=ExtResource( 22 )]
transform = Transform( 0.461395, 0, 0.887195, 0, 1, 0, -0.887195, 0, 0.461395, 87.4743, -0.745865, -29.4807 )

[node name="Pine142" parent="Scatter3D" instance=ExtResource( 22 )]
transform = Transform( -0.386349, 0, 0.922353, 0, 1, 0, -0.922353, 0, -0.386349, 86.6802, -0.745865, -7.85588 )

[node name="Pine143" parent="Scatter3D" instance=ExtResource( 22 )]
transform = Transform( -0.944325, 0, -0.329014, 0, 1, 0, 0.329014, 0, -0.944325, 83.8024, -0.745865, -7.45848 )

[node name="Pine144" parent="Scatter3D" instance=ExtResource( 22 )]
transform = Transform( 0.488781, 0, 0.872406, 0, 1, 0, -0.872406, 0, 0.488781, 87.5972, -0.745865, -12.4309 )

[node name="Pine145" parent="Scatter3D" instance=ExtResource( 22 )]
transform = Transform( 0.667803, 0, 0.744338, 0, 1, 0, -0.744338, 0, 0.667803, 87.8589, -0.745865, -20.5437 )

[node name="Pine146" parent="Scatter3D" instance=ExtResource( 22 )]
transform = Transform( -0.0864436, 0, 0.996257, 0, 1, 0, -0.996257, 0, -0.0864436, 88.9057, -0.745865, -17.1415 )

[node name="Pine147" parent="Scatter3D" instance=ExtResource( 22 )]
transform = Transform( -0.948291, 0, 0.317401, 0, 1, 0, -0.317401, 0, -0.948291, 83.6709, -0.745865, -0.946463 )

[node name="Pine148" parent="Scatter3D" instance=ExtResource( 22 )]
transform = Transform( -0.85181, 0, 0.523851, 0, 1, 0, -0.523851, 0, -0.85181, 87.989, -0.745865, 1.93228 )

[node name="Pine149" parent="Scatter3D" instance=ExtResource( 22 )]
transform = Transform( -0.460725, 0, -0.887543, 0, 1, 0, 0.887543, 0, -0.460725, 87.989, -0.745865, 6.25039 )

[node name="Pine150" parent="Scatter3D" instance=ExtResource( 22 )]
transform = Transform( 0.896711, 0, 0.442616, 0, 1, 0, -0.442616, 0, 0.896711, 87.989, -0.745865, 10.4376 )

[node name="Pine151" parent="Scatter3D" instance=ExtResource( 22 )]
transform = Transform( -0.611205, 0, 0.791472, 0, 1, 0, -0.791472, 0, -0.611205, 89.2606, -0.745865, 18.9891 )

[node name="Pine152" parent="Scatter3D" instance=ExtResource( 22 )]
transform = Transform( -0.674799, 0, 0.738001, 0, 1, 0, -0.738001, 0, -0.674799, 88.3446, -0.745865, 24.4849 )

[node name="Pine153" parent="Scatter3D" instance=ExtResource( 22 )]
transform = Transform( -0.976146, 0, 0.217113, 0, 1, 0, -0.217113, 0, -0.976146, 88.3446, -0.745865, 22.3913 )

[node name="Pine154" parent="Scatter3D" instance=ExtResource( 22 )]
transform = Transform( -0.116971, 0, -0.993135, 0, 1, 0, 0.993135, 0, -0.116971, 89.3914, -0.745865, 15.1944 )

[node name="Pine155" parent="Scatter3D" instance=ExtResource( 22 )]
transform = Transform( -0.669203, 0, -0.743079, 0, 1, 0, 0.743079, 0, -0.669203, 88.3446, -0.745865, 28.6722 )

[node name="Pine156" parent="Scatter3D" instance=ExtResource( 22 )]
transform = Transform( 0.227527, 0, -0.973772, 0, 1, 0, 0.973772, 0, 0.227527, 88.6063, -0.745865, 33.3828 )

[node name="Pine157" parent="Scatter3D" instance=ExtResource( 22 )]
transform = Transform( 0.162612, 0, -0.98669, 0, 1, 0, 0.98669, 0, 0.162612, 82.5871, -0.745865, 38.2243 )

[node name="Pine158" parent="Scatter3D" instance=ExtResource( 22 )]
transform = Transform( -0.99815, 0, -0.0608035, 0, 1, 0, 0.0608035, 0, -0.99815, 86.5127, -0.745865, 38.6169 )

[node name="Pine159" parent="Scatter3D" instance=ExtResource( 22 )]
transform = Transform( 0.999709, 0, -0.0241198, 0, 1, 0, 0.0241198, 0, 0.999709, 87.167, -0.745865, 35.869 )

[node name="Pine164" parent="Scatter3D" instance=ExtResource( 22 )]
transform = Transform( -0.974392, 0, -0.224857, 0, 1, 0, 0.224857, 0, -0.974392, 71.9231, -0.745865, 58.4589 )

[node name="Pine166" parent="Scatter3D" instance=ExtResource( 22 )]
transform = Transform( 0.0528061, 0, 0.998605, 0, 1, 0, -0.998605, 0, 0.0528061, 67.0815, -0.745865, 61.076 )

[node name="Pine167" parent="Scatter3D" instance=ExtResource( 22 )]
transform = Transform( 0.941851, 0, 0.336031, 0, 1, 0, -0.336031, 0, 0.941851, 73.4933, -0.745865, 55.0568 )

[node name="Pine168" parent="Scatter3D" instance=ExtResource( 22 )]
transform = Transform( 0.960078, 0, -0.279733, 0, 1, 0, 0.279733, 0, 0.960078, 76.2412, -0.745865, 51.3929 )

[node name="Pine169" parent="Scatter3D" instance=ExtResource( 22 )]
transform = Transform( -0.442434, 0, 0.896801, 0, 1, 0, -0.896801, 0, -0.442434, 78.7274, -0.745865, 55.8419 )

[node name="Pine170" parent="Scatter3D" instance=ExtResource( 22 )]
transform = Transform( 0.0809085, 0, 0.996722, 0, 1, 0, -0.996722, 0, 0.0809085, 75.1944, -0.745865, 57.8047 )

[node name="Pine171" parent="Scatter3D" instance=ExtResource( 22 )]
transform = Transform( -0.650847, 0, -0.759209, 0, 1, 0, 0.759209, 0, -0.650847, 81.0827, -0.745865, 51.5238 )

[node name="Pine172" parent="Scatter3D" instance=ExtResource( 22 )]
transform = Transform( -0.566136, 0, 0.824312, 0, 1, 0, -0.824312, 0, -0.566136, 81.3444, -0.745865, 46.5514 )

[node name="Pine173" parent="Scatter3D" instance=ExtResource( 22 )]
transform = Transform( 0.0339255, 0, 0.999424, 0, 1, 0, -0.999424, 0, 0.0339255, 78.9891, -0.745865, 49.0376 )

[node name="Pine174" parent="Scatter3D" instance=ExtResource( 22 )]
transform = Transform( 0.993555, 0, -0.11335, 0, 1, 0, 0.11335, 0, 0.993555, 78.2039, -0.745865, 53.7483 )

[node name="Pine175" parent="Scatter3D" instance=ExtResource( 22 )]
transform = Transform( 0.842929, 0, 0.538024, 0, 1, 0, -0.538024, 0, 0.842929, 71.138, -0.745865, 53.7483 )

[node name="Pine176" parent="Scatter3D" instance=ExtResource( 22 )]
transform = Transform( 0.651284, 0, 0.758834, 0, 1, 0, -0.758834, 0, 0.651284, 85.0082, -0.745865, 45.5046 )

[node name="Pine177" parent="Scatter3D" instance=ExtResource( 22 )]
transform = Transform( -0.263841, 0, -0.964566, 0, 1, 0, 0.964566, 0, -0.263841, 83.438, -0.745865, 42.2333 )

[node name="Pine178" parent="Scatter3D" instance=ExtResource( 22 )]
transform = Transform( 0.401281, 0, -0.915955, 0, 1, 0, 0.915955, 0, 0.401281, 81.9987, -0.745865, 43.2801 )

[node name="Pine179" parent="Scatter3D" instance=ExtResource( 22 )]
transform = Transform( -0.285197, 0, 0.958469, 0, 1, 0, -0.958469, 0, -0.285197, 86.1859, -0.745865, 41.8407 )

[node name="Pine180" parent="Scatter3D" instance=ExtResource( 22 )]
transform = Transform( -0.597702, 0, -0.801718, 0, 1, 0, 0.801718, 0, -0.597702, 19.912, -0.745865, 88.2171 )

[node name="Pine181" parent="Scatter3D" instance=ExtResource( 22 )]
transform = Transform( -0.970082, 0, -0.242779, 0, 1, 0, 0.242779, 0, -0.970082, 24.8966, -0.745865, 87.505 )

[node name="Pine182" parent="Scatter3D" instance=ExtResource( 22 )]
transform = Transform( -0.653038, 0, -0.757325, 0, 1, 0, 0.757325, 0, -0.653038, 15.9955, -0.745865, 88.7511 )

[node name="Pine185" parent="Scatter3D" instance=ExtResource( 22 )]
transform = Transform( 0.313756, 0, -0.949504, 0, 1, 0, 0.949504, 0, 0.313756, 30.2373, -0.745865, 88.7511 )

[node name="Pine186" parent="Scatter3D" instance=ExtResource( 22 )]
transform = Transform( 0.14185, 0, -0.989888, 0, 1, 0, 0.989888, 0, 0.14185, 22.7604, -0.745865, 88.9292 )

[node name="Pine187" parent="Scatter3D" instance=ExtResource( 22 )]
transform = Transform( -0.873534, 0, -0.486763, 0, 1, 0, 0.486763, 0, -0.873534, 34.6879, -0.745865, 86.2588 )

[node name="Pine188" parent="Scatter3D" instance=ExtResource( 22 )]
transform = Transform( 0.690904, 0, -0.722946, 0, 1, 0, 0.722946, 0, 0.690904, 34.3318, -0.745865, 87.3269 )

[node name="Pine189" parent="Scatter3D" instance=ExtResource( 22 )]
transform = Transform( 0.578554, 0, 0.815644, 0, 1, 0, -0.815644, 0, 0.578554, 38.7824, -0.745865, 83.0544 )

[node name="Pine190" parent="Scatter3D" instance=ExtResource( 22 )]
transform = Transform( 0.814588, 0, 0.58004, 0, 1, 0, -0.58004, 0, 0.814588, 37.3582, -0.745865, 86.0808 )

[node name="Pine191" parent="Scatter3D" instance=ExtResource( 22 )]
transform = Transform( 0.839598, 0, 0.543208, 0, 1, 0, -0.543208, 0, 0.839598, 38.9604, -0.745865, 87.861 )

[node name="Pine192" parent="Scatter3D" instance=ExtResource( 22 )]
transform = Transform( 0.988903, 0, 0.148565, 0, 1, 0, -0.148565, 0, 0.988903, 41.0967, -0.745865, 85.5467 )

[node name="Pine193" parent="Scatter3D" instance=ExtResource( 22 )]
transform = Transform( -0.760312, 0, -0.649558, 0, 1, 0, 0.649558, 0, -0.760312, 44.4791, -0.745865, 81.9863 )

[node name="Pine194" parent="Scatter3D" instance=ExtResource( 22 )]
transform = Transform( -0.550961, 0, 0.834531, 0, 1, 0, -0.834531, 0, -0.550961, 41.6308, -0.745865, 82.3423 )

[node name="Pine195" parent="Scatter3D" instance=ExtResource( 22 )]
transform = Transform( -0.759686, 0, -0.650291, 0, 1, 0, 0.650291, 0, -0.759686, 47.6835, -0.745865, 81.2742 )

[node name="Pine196" parent="Scatter3D" instance=ExtResource( 22 )]
transform = Transform( 0.968502, 0, -0.249006, 0, 1, 0, 0.249006, 0, 0.968502, 44.8352, -0.745865, 85.1907 )

[node name="Pine197" parent="Scatter3D" instance=ExtResource( 22 )]
transform = Transform( 0.979538, 0, 0.201257, 0, 1, 0, -0.201257, 0, 0.979538, 49.8198, -0.745865, 84.1225 )

[node name="Pine198" parent="Scatter3D" instance=ExtResource( 22 )]
transform = Transform( -0.613214, 0, 0.789917, 0, 1, 0, -0.789917, 0, -0.613214, 55.1605, -0.745865, 81.9863 )

[node name="Pine199" parent="Scatter3D" instance=ExtResource( 22 )]
transform = Transform( -0.916674, 0, 0.399636, 0, 1, 0, -0.399636, 0, -0.916674, 55.1605, -0.745865, 75.9335 )

[node name="Pine200" parent="Scatter3D" instance=ExtResource( 22 )]
transform = Transform( 0.385579, 0, -0.922675, 0, 1, 0, 0.922675, 0, 0.385579, 50.5319, -0.745865, 76.2896 )

[node name="Pine201" parent="Scatter3D" instance=ExtResource( 22 )]
transform = Transform( 0.618311, 0, -0.785933, 0, 1, 0, 0.785933, 0, 0.618311, 47.5055, -0.745865, 78.9599 )

[node name="Pine202" parent="Scatter3D" instance=ExtResource( 22 )]
transform = Transform( 0.479617, 0, -0.877478, 0, 1, 0, 0.877478, 0, 0.479617, 52.6682, -0.745865, 80.028 )

[node name="Pine203" parent="Scatter3D" instance=ExtResource( 22 )]
transform = Transform( -0.31785, 0, 0.948141, 0, 1, 0, -0.948141, 0, -0.31785, 56.5847, -0.745865, 77.8918 )

[node name="Pine204" parent="Scatter3D" instance=ExtResource( 22 )]
transform = Transform( -0.764011, 0, 0.645203, 0, 1, 0, -0.645203, 0, -0.764011, 55.5165, -0.745865, 72.195 )

[node name="Pine205" parent="Scatter3D" instance=ExtResource( 22 )]
transform = Transform( -0.89219, 0, -0.451661, 0, 1, 0, 0.451661, 0, -0.89219, 52.1341, -0.745865, 72.373 )

[node name="Pine206" parent="Scatter3D" instance=ExtResource( 22 )]
transform = Transform( -0.692803, 0, 0.721127, 0, 1, 0, -0.721127, 0, -0.692803, 58.3649, -0.745865, 74.3313 )

[node name="Pine208" parent="Scatter3D" instance=ExtResource( 22 )]
transform = Transform( 0.343975, 0, -0.938979, 0, 1, 0, 0.938979, 0, 0.343975, 59.7891, -0.745865, 70.5928 )

[node name="Pine209" parent="Scatter3D" instance=ExtResource( 22 )]
transform = Transform( -0.818154, 0, 0.574999, 0, 1, 0, -0.574999, 0, -0.818154, 54.6264, -0.745865, 69.7027 )

[node name="Pine210" parent="Scatter3D" instance=ExtResource( 22 )]
transform = Transform( -0.9956, 0, 0.0937076, 0, 1, 0, -0.0937076, 0, -0.9956, 58.5429, -0.745865, 68.8126 )

[node name="Pine211" parent="Scatter3D" instance=ExtResource( 22 )]
transform = Transform( 0.859986, 0, 0.510318, 0, 1, 0, -0.510318, 0, 0.859986, 51.244, -0.745865, 82.5203 )

[node name="Pine212" parent="Scatter3D" instance=ExtResource( 22 )]
transform = Transform( -0.975482, 0, -0.220077, 0, 1, 0, 0.220077, 0, -0.975482, -25.1928, -0.745865, 87.2524 )

[node name="Pine213" parent="Scatter3D" instance=ExtResource( 22 )]
transform = Transform( -0.150853, 0, -0.988556, 0, 1, 0, 0.988556, 0, -0.150853, -34.7506, -0.745865, 86.0086 )

[node name="Pine214" parent="Scatter3D" instance=ExtResource( 22 )]
transform = Transform( -0.261191, 0, -0.965287, 0, 1, 0, 0.965287, 0, -0.261191, -57.3839, -0.745865, 85.5933 )

[node name="Pine216" parent="Scatter3D" instance=ExtResource( 22 )]
transform = Transform( -0.985664, 0, -0.16872, 0, 1, 0, 0.16872, 0, -0.985664, -60.4986, -0.745865, 86.0086 )

[node name="Pine218" parent="Scatter3D" instance=ExtResource( 22 )]
transform = Transform( -0.167686, 0, -0.98584, 0, 1, 0, 0.98584, 0, -0.167686, -54.4769, -0.745865, 88.708 )

[node name="Pine219" parent="Scatter3D" instance=ExtResource( 22 )]
transform = Transform( 0.958343, 0, 0.285619, 0, 1, 0, -0.285619, 0, 0.958343, -45.7558, -0.745865, 87.4622 )

[node name="Pine220" parent="Scatter3D" instance=ExtResource( 22 )]
transform = Transform( 0.156465, 0, 0.987683, 0, 1, 0, -0.987683, 0, 0.156465, -51.5699, -0.745865, 85.5933 )

[node name="Pine221" parent="Scatter3D" instance=ExtResource( 22 )]
transform = Transform( -0.980069, 0, 0.198657, 0, 1, 0, -0.198657, 0, -0.980069, -47.6246, -0.745865, 89.1233 )

[node name="Pine222" parent="Scatter3D" instance=ExtResource( 22 )]
